1.13226 1.78226 1
1.13226 1.78226 1
1.97097 2.62097 2
1.13226 1.78226 1
2.80968 3.45968 3
1.13226 1.78226 1
3.64839 4.29839 4
1.13226 1.78226 1
4.4871 5.1371 5
1.13226 1.78226 1
5.32581 5.97581 6
1.13226 1.78226 1
6.16452 6.81452 7
1.13226 1.78226 1
7.00323 7.65323 8
1.13226 1.78226 1
7.84194 8.49194 9
1.13226 1.78226 1
8.68065 9.33065 10
1.13226 1.78226 1
9.51935 10.1694 11
1.13226 1.78226 1
10.3581 11.0081 12
1.13226 1.78226 1
11.1968 11.8468 13
1.13226 1.78226 1
1.13226 1.78226 1
1.97097 2.62097 2
1.97097 2.62097 2
1.97097 2.62097 2
2.80968 3.45968 3
1.97097 2.62097 2
3.64839 4.29839 4
1.97097 2.62097 2
4.4871 5.1371 5
1.97097 2.62097 2
5.32581 5.97581 6
1.97097 2.62097 2
6.16452 6.81452 7
1.97097 2.62097 2
7.00323 7.65323 8
1.97097 2.62097 2
7.84194 8.49194 9
1.97097 2.62097 2
8.68065 9.33065 10
1.97097 2.62097 2
9.51935 10.1694 11
1.97097 2.62097 2
10.3581 11.0081 12
1.97097 2.62097 2
11.1968 11.8468 13
1.97097 2.62097 2
1.13226 1.78226 1
2.80968 3.45968 3
1.97097 2.62097 2
2.80968 3.45968 3
2.80968 3.45968 3
2.80968 3.45968 3
3.64839 4.29839 4
2.80968 3.45968 3
4.4871 5.1371 5
2.80968 3.45968 3
5.32581 5.97581 6
2.80968 3.45968 3
6.16452 6.81452 7
2.80968 3.45968 3
7.00323 7.65323 8
2.80968 3.45968 3
7.84194 8.49194 9
2.80968 3.45968 3
8.68065 9.33065 10
2.80968 3.45968 3
9.51935 10.1694 11
2.80968 3.45968 3
10.3581 11.0081 12
2.80968 3.45968 3
11.1968 11.8468 13
2.80968 3.45968 3
1.13226 1.78226 1
3.64839 4.29839 4
1.97097 2.62097 2
3.64839 4.29839 4
2.80968 3.45968 3
3.64839 4.29839 4
3.64839 4.29839 4
3.64839 4.29839 4
4.4871 5.1371 5
3.64839 4.29839 4
5.32581 5.97581 6
3.64839 4.29839 4
6.16452 6.81452 7
3.64839 4.29839 4
7.00323 7.65323 8
3.64839 4.29839 4
7.84194 8.49194 9
3.64839 4.29839 4
8.68065 9.33065 10
3.64839 4.29839 4
9.51935 10.1694 11
3.64839 4.29839 4
10.3581 11.0081 12
3.64839 4.29839 4
11.1968 11.8468 13
3.64839 4.29839 4
1.13226 1.78226 1
4.4871 5.1371 5
1.97097 2.62097 2
4.4871 5.1371 5
2.80968 3.45968 3
4.4871 5.1371 5
3.64839 4.29839 4
4.4871 5.1371 5
4.4871 5.1371 5
4.4871 5.1371 5
5.32581 5.97581 6
4.4871 5.1371 5
6.16452 6.81452 7
4.4871 5.1371 5
7.00323 7.65323 8
4.4871 5.1371 5
7.84194 8.49194 9
4.4871 5.1371 5
8.68065 9.33065 10
4.4871 5.1371 5
9.51935 10.1694 11
4.4871 5.1371 5
10.3581 11.0081 12
4.4871 5.1371 5
11.1968 11.8468 13
4.4871 5.1371 5
1.13226 1.78226 1
5.32581 5.97581 6
1.97097 2.62097 2
5.32581 5.97581 6
2.80968 3.45968 3
5.32581 5.97581 6
3.64839 4.29839 4
5.32581 5.97581 6
4.4871 5.1371 5
5.32581 5.97581 6
5.32581 5.97581 6
5.32581 5.97581 6
6.16452 6.81452 7
5.32581 5.97581 6
7.00323 7.65323 8
5.32581 5.97581 6
7.84194 8.49194 9
5.32581 5.97581 6
8.68065 9.33065 10
5.32581 5.97581 6
9.51935 10.1694 11
5.32581 5.97581 6
10.3581 11.0081 12
5.32581 5.97581 6
11.1968 11.8468 13
5.32581 5.97581 6
1.13226 1.78226 1
6.16452 6.81452 7
1.97097 2.62097 2
6.16452 6.81452 7
2.80968 3.45968 3
6.16452 6.81452 7
3.64839 4.29839 4
6.16452 6.81452 7
4.4871 5.1371 5
6.16452 6.81452 7
5.32581 5.97581 6
6.16452 6.81452 7
6.16452 6.81452 7
6.16452 6.81452 7
7.00323 7.65323 8
6.16452 6.81452 7
7.84194 8.49194 9
6.16452 6.81452 7
8.68065 9.33065 10
6.16452 6.81452 7
9.51935 10.1694 11
6.16452 6.81452 7
10.3581 11.0081 12
6.16452 6.81452 7
11.1968 11.8468 13
6.16452 6.81452 7
1.13226 1.78226 1
7.00323 7.65323 8
1.97097 2.62097 2
7.00323 7.65323 8
2.80968 3.45968 3
7.00323 7.65323 8
3.64839 4.29839 4
7.00323 7.65323 8
4.4871 5.1371 5
7.00323 7.65323 8
5.32581 5.97581 6
7.00323 7.65323 8
6.16452 6.81452 7
7.00323 7.65323 8
7.00323 7.65323 8
7.00323 7.65323 8
7.84194 8.49194 9
7.00323 7.65323 8
8.68065 9.33065 10
7.00323 7.65323 8
9.51935 10.1694 11
7.00323 7.65323 8
10.3581 11.0081 12
7.00323 7.65323 8
11.1968 11.8468 13
7.00323 7.65323 8
1.13226 1.78226 1
7.84194 8.49194 9
1.97097 2.62097 2
7.84194 8.49194 9
2.80968 3.45968 3
7.84194 8.49194 9
3.64839 4.29839 4
7.84194 8.49194 9
4.4871 5.1371 5
7.84194 8.49194 9
5.32581 5.97581 6
7.84194 8.49194 9
6.16452 6.81452 7
7.84194 8.49194 9
7.00323 7.65323 8
7.84194 8.49194 9
7.84194 8.49194 9
7.84194 8.49194 9
8.68065 9.33065 10
7.84194 8.49194 9
9.51935 10.1694 11
7.84194 8.49194 9
10.3581 11.0081 12
7.84194 8.49194 9
11.1968 11.8468 13
7.84194 8.49194 9
1.13226 1.78226 1
8.68065 9.33065 10
1.97097 2.62097 2
8.68065 9.33065 10
2.80968 3.45968 3
8.68065 9.33065 10
3.64839 4.29839 4
8.68065 9.33065 10
4.4871 5.1371 5
8.68065 9.33065 10
5.32581 5.97581 6
8.68065 9.33065 10
6.16452 6.81452 7
8.68065 9.33065 10
7.00323 7.65323 8
8.68065 9.33065 10
7.84194 8.49194 9
8.68065 9.33065 10
8.68065 9.33065 10
8.68065 9.33065 10
9.51935 10.1694 11
8.68065 9.33065 10
10.3581 11.0081 12
8.68065 9.33065 10
11.1968 11.8468 13
8.68065 9.33065 10
1.13226 1.78226 1
9.51935 10.1694 11
1.97097 2.62097 2
9.51935 10.1694 11
2.80968 3.45968 3
9.51935 10.1694 11
3.64839 4.29839 4
9.51935 10.1694 11
4.4871 5.1371 5
9.51935 10.1694 11
5.32581 5.97581 6
9.51935 10.1694 11
6.16452 6.81452 7
9.51935 10.1694 11
7.00323 7.65323 8
9.51935 10.1694 11
7.84194 8.49194 9
9.51935 10.1694 11
8.68065 9.33065 10
9.51935 10.1694 11
9.51935 10.1694 11
9.51935 10.1694 11
10.3581 11.0081 12
9.51935 10.1694 11
11.1968 11.8468 13
9.51935 10.1694 11
1.13226 1.78226 1
10.3581 11.0081 12
1.97097 2.62097 2
10.3581 11.0081 12
2.80968 3.45968 3
10.3581 11.0081 12
3.64839 4.29839 4
10.3581 11.0081 12
4.4871 5.1371 5
10.3581 11.0081 12
5.32581 5.97581 6
10.3581 11.0081 12
6.16452 6.81452 7
10.3581 11.0081 12
7.00323 7.65323 8
10.3581 11.0081 12
7.84194 8.49194 9
10.3581 11.0081 12
8.68065 9.33065 10
10.3581 11.0081 12
9.51935 10.1694 11
10.3581 11.0081 12
10.3581 11.0081 12
10.3581 11.0081 12
11.1968 11.8468 13
10.3581 11.0081 12
1.13226 1.78226 1
11.1968 11.8468 13
1.97097 2.62097 2
11.1968 11.8468 13
2.80968 3.45968 3
11.1968 11.8468 13
3.64839 4.29839 4
11.1968 11.8468 13
4.4871 5.1371 5
11.1968 11.8468 13
5.32581 5.97581 6
11.1968 11.8468 13
6.16452 6.81452 7
11.1968 11.8468 13
7.00323 7.65323 8
11.1968 11.8468 13
7.84194 8.49194 9
11.1968 11.8468 13
8.68065 9.33065 10
11.1968 11.8468 13
9.51935 10.1694 11
11.1968 11.8468 13
10.3581 11.0081 12
11.1968 11.8468 13
11.1968 11.8468 13
11.1968 11.8468 13
