1.1083 1.71336 1
1.21946 1.88 1
1.99202 2.60379 2
1.16918 1.86207 1
2.78152 3.36368 3
1.06961 1.79058 1
3.64097 4.35773 4
1.14785 1.69805 1
4.55917 5.23049 5
1.20548 1.75105 1
5.27315 5.9734 6
1.18144 1.7042 1
6.18441 6.86113 7
1.04819 1.7765 1
7.07403 7.58817 8
1.09722 1.73108 1
7.92277 8.43715 9
1.17037 1.83985 1
8.64254 9.40998 10
1.09305 1.71403 1
9.42546 10.1532 11
1.06566 1.88203 1
10.3167 11.0087 12
1.06948 1.69583 1
11.1176 11.8209 13
1.04326 1.84711 1
1.12145 1.72922 1
1.92545 2.7131 2
2.00843 2.59473 2
1.88614 2.58118 2
2.75692 3.44604 3
1.98549 2.71406 2
3.74221 4.23845 4
2.04079 2.56265 2
4.48025 5.11002 5
1.93902 2.68848 2
5.34245 5.98503 6
1.91893 2.64469 2
6.14408 6.75282 7
1.91753 2.63551 2
6.91291 7.65326 8
1.93729 2.63554 2
7.8441 8.40011 9
1.89033 2.55001 2
8.7477 9.2735 10
1.87579 2.69735 2
9.59493 10.1129 11
1.9466 2.59523 2
10.2696 11.0415 12
1.92208 2.53138 2
11.1308 11.854 13
1.90236 2.70045 2
1.19006 1.79429 1
2.87981 3.42682 3
1.92821 2.67609 2
2.87129 3.42238 3
2.7104 3.42666 3
2.90829 3.54115 3
3.66946 4.25134 4
2.76684 3.43792 3
4.41577 5.101 5
2.77428 3.39253 3
5.39923 5.99304 6
2.71662 3.44914 3
6.12628 6.914 7
2.84173 3.39011 3
7.03821 7.6352 8
2.81447 3.52603 3
7.75711 8.47233 9
2.77995 3.38293 3
8.70562 9.32062 10
2.79132 3.46796 3
9.60675 10.1965 11
2.7582 3.39502 3
10.27 11.0173 12
2.77214 3.55121 3
11.1703 11.8499 13
2.76519 3.38563 3
1.12193 1.85678 1
3.59671 4.34043 4
1.97451 2.58943 2
3.69232 4.27303 4
2.78735 3.41307 3
3.67183 4.33146 4
3.654 4.35708 4
3.54839 4.38988 4
4.43436 5.17512 5
3.73556 4.20617 4
5.32015 6.06488 6
3.58639 4.35058 4
6.1367 6.87589 7
3.55946 4.32535 4
7.0873 7.6364 8
3.56817 4.35666 4
7.74637 8.53061 9
3.56933 4.24004 4
8.60779 9.3576 10
3.74769 4.32059 4
9.5944 10.2032 11
3.55219 4.3892 4
10.4353 10.9556 12
3.74057 4.37598 4
11.1166 11.7975 13
3.68836 4.22234 4
1.20974 1.79962 1
4.55731 5.0514 5
1.90124 2.5707 2
4.5472 5.18595 5
2.88372 3.44234 3
4.56799 5.07574 5
3.57749 4.38763 4
4.41428 5.14123 5
4.4412 5.15489 5
4.57905 5.1956 5
5.39711 5.9676 6
4.53067 5.19409 5
6.17382 6.71845 7
4.44802 5.23061 5
6.97297 7.58884 8
4.47015 5.16288 5
7.7659 8.52495 9
4.41667 5.1473 5
8.62669 9.30172 10
4.43496 5.06485 5
9.60776 10.206 11
4.53069 5.11926 5
10.3644 11.0701 12
4.43777 5.18872 5
11.234 11.8868 13
4.58405 5.21229 5
1.07412 1.83448 1
5.24752 6.03111 6
1.98347 2.56184 2
5.22738 5.93327 6
2.76488 3.51642 3
5.2665 6.06433 6
3.7006 4.21159 4
5.40758 6.01047 6
4.49767 5.21548 5
5.31975 5.91627 6
5.3292 5.91221 6
5.31966 5.98597 6
6.0744 6.86356 7
5.38214 5.98829 6
7.06373 7.60227 8
5.29639 6.04598 6
7.93537 8.58814 9
5.42423 5.89149 6
8.70928 9.35845 10
5.41657 6.06972 6
9.48507 10.2036 11
5.34421 6.06946 6
10.2699 10.9995 12
5.39954 6.06451 6
11.1429 11.9277 13
5.42496 6.04586 6
1.15872 1.81168 1
6.26344 6.86475 7
2.01598 2.61958 2
6.15481 6.73584 7
2.84893 3.41602 3
6.11491 6.86212 7
3.61233 4.35947 4
6.17968 6.78883 7
4.41791 5.22744 5
6.25085 6.74808 7
5.24785 6.02031 6
6.16746 6.74344 7
6.24835 6.77178 7
6.19812 6.89414 7
7.00962 7.69726 8
6.21012 6.82034 7
7.93828 8.51139 9
6.0718 6.75073 7
8.72868 9.24589 10
6.14445 6.73355 7
9.43935 10.1991 11
6.21971 6.83239 7
10.3807 10.9485 12
6.15916 6.88812 7
11.1202 11.8572 13
6.19193 6.72791 7
1.10844 1.70247 1
6.96558 7.64156 8
2.05126 2.67774 2
7.07406 7.57414 8
2.88575 3.54928 3
7.09982 7.59655 8
3.73138 4.26493 4
6.95191 7.56142 8
4.47369 5.19686 5
6.93713 7.70594 8
5.30632 6.06921 6
7.08825 7.65087 8
6.13433 6.79872 7
7.04404 7.6155 8
6.94516 7.6793 8
7.03759 7.72982 8
7.75332 8.44221 9
7.0491 7.62536 8
8.62529 9.42276 10
7.07932 7.5856 8
9.59062 10.1649 11
6.99995 7.63761 8
10.3457 11.095 12
6.93731 7.66573 8
11.1563 11.796 13
7.04533 7.72896 8
1.1621 1.80983 1
7.86313 8.50174 9
1.90827 2.71937 2
7.88081 8.58716 9
2.86299 3.39145 3
7.85072 8.56459 9
3.59054 4.37826 4
7.92597 8.57873 9
4.53863 5.15884 5
7.76324 8.53196 9
5.26508 5.97189 6
7.81377 8.42897 9
6.10728 6.76762 7
7.79767 8.39366 9
7.10031 7.61002 8
7.81761 8.53966 9
7.85021 8.56077 9
7.86817 8.57545 9
8.76863 9.37606 10
7.79722 8.52558 9
9.57496 10.2475 11
7.87548 8.4492 9
10.2723 10.9185 12
7.83055 8.53702 9
11.1037 11.8071 13
7.90156 8.46808 9
1.19094 1.76397 1
8.60962 9.24623 10
1.98305 2.71482 2
8.76778 9.36536 10
2.77018 3.37183 3
8.76765 9.2652 10
3.63572 4.3084 4
8.7246 9.38481 10
4.50316 5.18093 5
8.71839 9.37562 10
5.40397 5.94784 6
8.6534 9.32305 10
6.06918 6.91405 7
8.63326 9.39663 10
6.95106 7.6321 8
8.60615 9.40989 10
7.88123 8.59108 9
8.73714 9.27125 10
8.6712 9.32483 10
8.66364 9.4072 10
9.46182 10.0704 11
8.69039 9.33899 10
10.3279 11.0083 12
8.68005 9.29406 10
11.1437 11.8153 13
8.69586 9.23353 10
1.11386 1.85886 1
9.59113 10.2156 11
1.99262 2.58217 2
9.56966 10.2441 11
2.75249 3.36421 3
9.45396 10.2635 11
3.57056 4.24977 4
9.54332 10.1082 11
4.4915 5.23245 5
9.59868 10.2679 11
5.39266 6.04132 6
9.57813 10.2168 11
6.25422 6.7592 7
9.51823 10.2285 11
6.94063 7.60382 8
9.61726 10.2567 11
7.79967 8.50318 9
9.47657 10.1627 11
8.68536 9.39619 10
9.55656 10.0722 11
9.51083 10.0901 11
9.6032 10.1411 11
10.3377 11.0057 12
9.50159 10.1129 11
11.1079 11.8416 13
9.5127 10.1477 11
1.12104 1.78611 1
10.3883 10.9446 12
1.98331 2.52603 2
10.288 11.0036 12
2.88497 3.43708 3
10.3353 10.9925 12
3.57807 4.24996 4
10.395 10.9224 12
4.5117 5.1761 5
10.3081 11.0961 12
5.25053 5.94305 6
10.3095 11.0776 12
6.07976 6.76789 7
10.3214 11.1018 12
7.1026 7.69971 8
10.2816 11.0078 12
7.83657 8.46252 9
10.3596 11.0744 12
8.61488 9.4298 10
10.4194 11.0411 12
9.59918 10.2619 11
10.3841 11.0948 12
10.3098 11.0375 12
10.2581 11.1042 12
11.2801 11.811 13
10.265 11.0824 12
1.03697 1.72221 1
11.2935 11.7976 13
2.03479 2.61131 2
11.2775 11.882 13
2.89887 3.41989 3
11.2464 11.8997 13
3.65043 4.37491 4
11.1281 11.7809 13
4.47028 5.03812 5
11.24 11.8849 13
5.22726 5.97164 6
11.2948 11.8396 13
6.17414 6.74762 7
11.1137 11.8789 13
7.01735 7.63336 8
11.1039 11.8588 13
7.8668 8.583 9
11.2572 11.8323 13
8.67206 9.26716 10
11.1256 11.7664 13
9.45114 10.1717 11
11.1295 11.8808 13
10.3179 11.0968 12
11.2562 11.79 13
11.215 11.8878 13
11.1035 11.9306 13
1.05411 1.82569 1
1.0609 1.78985 1
1.99104 2.5278 2
1.17143 1.80387 1
2.89118 3.54157 3
1.16328 1.7397 1
3.5582 4.32743 4
1.09674 1.73182 1
4.58246 5.21323 5
1.11574 1.78739 1
5.3354 5.97113 6
1.04713 1.82805 1
6.21276 6.84492 7
1.03936 1.78551 1
7.0328 7.65888 8
1.19687 1.8316 1
7.79591 8.5396 9
1.06648 1.72459 1
8.71184 9.28193 10
1.1319 1.75263 1
9.50058 10.0903 11
1.17275 1.85573 1
10.2736 10.9266 12
1.04431 1.80756 1
11.201 11.7964 13
1.13413 1.83823 1
1.16863 1.70022 1
1.89063 2.618 2
2.04952 2.60214 2
2.04762 2.55102 2
2.74852 3.49749 3
1.88149 2.64094 2
3.6904 4.37554 4
1.98347 2.5354 2
4.50945 5.16045 5
1.88342 2.61132 2
5.36609 5.9807 6
1.9495 2.65003 2
6.09357 6.89513 7
1.95853 2.62221 2
6.98101 7.60703 8
1.99325 2.5637 2
7.899 8.39719 9
2.02279 2.62378 2
8.77407 9.40746 10
2.02271 2.66672 2
9.51814 10.1059 11
1.99052 2.70837 2
10.4195 11.0648 12
1.9134 2.56854 2
11.1009 11.883 13
2.04393 2.62073 2
1.14919 1.87996 1
2.77909 3.45915 3
1.93986 2.61333 2
2.86637 3.53182 3
2.71681 3.40126 3
2.77396 3.50191 3
3.6963 4.34686 4
2.80702 3.44415 3
4.45382 5.04645 5
2.80694 3.43841 3
5.31925 6.03296 6
2.75768 3.40921 3
6.08331 6.78203 7
2.79389 3.43135 3
6.92163 7.71239 8
2.76746 3.38276 3
7.7426 8.51147 9
2.82831 3.52586 3
8.66533 9.41789 10
2.77602 3.49872 3
9.43394 10.1916 11
2.83839 3.49718 3
10.2744 11.0032 12
2.83311 3.5293 3
11.2004 11.7739 13
2.76905 3.52329 3
1.17035 1.69349 1
3.6818 4.2089 4
1.92315 2.66782 2
3.7277 4.32132 4
2.84792 3.37758 3
3.67316 4.3894 4
3.56063 4.34519 4
3.66136 4.31533 4
4.54442 5.09208 5
3.5931 4.20759 4
5.27951 5.93697 6
3.74603 4.21624 4
6.06569 6.76344 7
3.62699 4.29046 4
6.94361 7.68777 8
3.71384 4.23964 4
7.8212 8.45854 9
3.64297 4.37913 4
8.61138 9.319 10
3.6988 4.34216 4
9.48735 10.1637 11
3.56144 4.33891 4
10.2617 10.9202 12
3.56883 4.24413 4
11.1958 11.7883 13
3.6496 4.39455 4
1.14156 1.76243 1
4.42151 5.11595 5
1.94325 2.6909 2
4.57968 5.22904 5
2.75442 3.45221 3
4.41125 5.09587 5
3.64314 4.34573 4
4.41868 5.11397 5
4.54199 5.07896 5
4.48859 5.21998 5
5.26907 6.0023 6
4.53008 5.05192 5
6.12271 6.81906 7
4.47743 5.18993 5
6.95628 7.60226 8
4.41362 5.15679 5
7.93938 8.44914 9
4.4707 5.1594 5
8.71157 9.40505 10
4.46346 5.05264 5
9.53491 10.1875 11
4.51244 5.10665 5
10.3516 10.9418 12
4.41278 5.0589 5
11.1531 11.7603 13
4.40485 5.23228 5
1.06315 1.69111 1
5.34197 6.03918 6
1.96128 2.59007 2
5.27894 6.02051 6
2.80388 3.49566 3
5.41836 5.88162 6
3.71382 4.32489 4
5.29685 5.93206 6
4.39665 5.17192 5
5.34797 5.99128 6
5.30873 5.96032 6
5.266 5.90902 6
6.18054 6.77694 7
5.36525 6.0205 6
7.10125 7.61881 8
5.39144 5.91767 6
7.87091 8.58398 9
5.34127 6.0177 6
8.62643 9.2379 10
5.34644 5.90991 6
9.44769 10.1864 11
5.3783 5.96261 6
10.3499 10.9866 12
5.2296 5.97083 6
11.1687 11.8268 13
5.3293 5.92637 6
1.0405 1.80358 1
6.08561 6.73012 7
2.0046 2.64714 2
6.08118 6.89544 7
2.78381 3.47643 3
6.15737 6.80487 7
3.71524 4.2813 4
6.16951 6.82685 7
4.48871 5.11378 5
6.25035 6.85454 7
5.41843 6.03905 6
6.10528 6.71571 7
6.15103 6.87457 7
6.23473 6.87367 7
6.91619 7.74809 8
6.23959 6.90044 7
7.92608 8.40626 9
6.06618 6.90337 7
8.62983 9.30472 10
6.14692 6.78667 7
9.42946 10.2112 11
6.09288 6.72886 7
10.3632 10.9527 12
6.09464 6.75744 7
11.1628 11.838 13
6.08752 6.80222 7
1.08771 1.68395 1
7.07626 7.74698 8
1.96143 2.59497 2
7.04309 7.6287 8
2.76861 3.38042 3
6.97612 7.64608 8
3.68287 4.20394 4
7.10005 7.58456 8
4.48381 5.14853 5
7.04617 7.71952 8
5.38843 6.04777 6
6.9856 7.74698 8
6.10016 6.91107 7
6.92068 7.66134 8
7.0818 7.67444 8
6.9909 7.56186 8
7.75843 8.50781 9
6.94946 7.66873 8
8.65668 9.41028 10
7.06682 7.73025 8
9.58663 10.1245 11
7.01742 7.70221 8
10.2725 11.1014 12
7.00592 7.68089 8
11.1383 11.9466 13
7.08907 7.57072 8
1.15189 1.77673 1
7.78826 8.50669 9
2.05247 2.5353 2
7.91678 8.48056 9
2.81965 3.45259 3
7.85854 8.53251 9
3.55505 4.34386 4
7.88047 8.41567 9
4.43388 5.12952 5
7.91539 8.49504 9
5.25253 6.02758 6
7.93939 8.53005 9
6.07479 6.84664 7
7.83862 8.56064 9
7.0833 7.61036 8
7.92183 8.57807 9
7.84226 8.4449 9
7.93487 8.56175 9
8.67768 9.36049 10
7.93335 8.56335 9
9.58159 10.2584 11
7.86974 8.41945 9
10.3462 10.9945 12
7.85129 8.5739 9
11.1343 11.8309 13
7.92474 8.59122 9
1.0895 1.80295 1
8.58306 9.28101 10
2.0107 2.55376 2
8.61807 9.38224 10
2.84991 3.51703 3
8.6558 9.26953 10
3.70352 4.24568 4
8.6568 9.28822 10
4.45495 5.16832 5
8.71816 9.38034 10
5.2944 5.92432 6
8.6012 9.35034 10
6.11873 6.80551 7
8.78002 9.29061 10
7.01755 7.63584 8
8.66685 9.34802 10
7.752 8.52007 9
8.77071 9.31269 10
8.63228 9.393 10
8.64546 9.41033 10
9.50035 10.2002 11
8.58356 9.37928 10
10.4238 11.0416 12
8.71185 9.41364 10
11.2076 11.9096 13
8.64541 9.25358 10
1.22584 1.84875 1
9.59472 10.243 11
1.90066 2.58852 2
9.44987 10.2031 11
2.88418 3.4319 3
9.47885 10.0848 11
3.71603 4.29501 4
9.42199 10.1051 11
4.41323 5.0812 5
9.61934 10.132 11
5.31845 6.03995 6
9.49508 10.1639 11
6.10964 6.73866 7
9.49387 10.1266 11
7.07718 7.67862 8
9.42538 10.2662 11
7.87487 8.48633 9
9.47336 10.1213 11
8.65105 9.31147 10
9.42531 10.155 11
9.56597 10.1628 11
9.57911 10.2271 11
10.4018 11.013 12
9.48297 10.1897 11
11.2714 11.8044 13
9.5647 10.1856 11
1.22897 1.68237 1
10.4455 10.9701 12
2.0084 2.60858 2
10.3619 11.0058 12
2.84635 3.43538 3
10.4335 10.9914 12
3.66204 4.23828 4
10.4576 11.0319 12
4.55063 5.18885 5
10.3682 10.9122 12
5.41628 5.91869 6
10.3834 11.0229 12
6.14776 6.90253 7
10.4358 11.059 12
6.94286 7.5918 8
10.3426 11.0707 12
7.88794 8.52974 9
10.271 10.9507 12
8.59876 9.37949 10
10.3561 10.9363 12
9.42891 10.0963 11
10.4263 11.0088 12
10.4521 10.975 12
10.2942 10.9725 12
11.1243 11.8043 13
10.3667 11.092 12
1.12941 1.7559 1
11.2725 11.9104 13
1.93341 2.65816 2
11.2278 11.8955 13
2.90482 3.4388 3
11.1792 11.877 13
3.57291 4.23094 4
11.1055 11.7812 13
4.48096 5.12602 5
11.1141 11.8253 13
5.36025 6.02423 6
11.258 11.8202 13
6.12797 6.81008 7
11.1661 11.802 13
7.01513 7.68487 8
11.2453 11.873 13
7.8309 8.58683 9
11.1087 11.8338 13
8.66945 9.33059 10
11.1874 11.8882 13
9.4656 10.1969 11
11.182 11.8004 13
10.3056 11.004 12
11.109 11.7883 13
11.0994 11.792 13
11.2001 11.9317 13
