1.13145 1.85838 1
1.09099 1.78015 1
2.00863 2.71281 2
1.10546 1.78665 1
2.77388 3.44671 3
1.05679 1.83796 1
3.69465 4.27541 4
1.14597 1.69027 1
4.52517 5.16789 5
1.07083 1.73566 1
5.33222 5.89465 6
1.10748 1.68305 1
6.07744 6.80567 7
1.2014 1.80977 1
7.08755 7.74468 8
1.0496 1.84008 1
7.84375 8.40603 9
1.05509 1.80692 1
8.62153 9.34039 10
1.13471 1.75314 1
9.612 10.1155 11
1.06195 1.82835 1
10.4563 11.0382 12
1.12558 1.83779 1
11.2238 11.9443 13
1.18568 1.79942 1
1.06314 1.75857 1
1.94679 2.60408 2
1.9752 2.55155 2
1.89741 2.70291 2
2.89226 3.54981 3
1.87749 2.65874 2
3.55845 4.2715 4
1.98113 2.54366 2
4.39437 5.04437 5
1.95637 2.6195 2
5.39661 6.03223 6
1.951 2.62539 2
6.10023 6.87259 7
2.02443 2.56723 2
7.0353 7.63202 8
1.90674 2.56536 2
7.80882 8.48525 9
1.98637 2.61672 2
8.64341 9.42435 10
2.00745 2.62766 2
9.50369 10.2043 11
2.05825 2.57373 2
10.442 11.0312 12
1.93181 2.54268 2
11.2944 11.7988 13
2.04014 2.71695 2
1.05502 1.87798 1
2.8019 3.49043 3
1.87967 2.68229 2
2.85248 3.54381 3
2.80103 3.36998 3
2.73854 3.41513 3
3.55174 4.35148 4
2.90389 3.44767 3
4.57783 5.16103 5
2.82871 3.45211 3
5.39337 5.91785 6
2.87112 3.50702 3
6.20424 6.77984 7
2.73088 3.4924 3
6.93221 7.59619 8
2.71682 3.4128 3
7.87078 8.46498 9
2.89882 3.46606 3
8.70388 9.40219 10
2.72595 3.51406 3
9.5186 10.2282 11
2.79181 3.51165 3
10.3435 11.0782 12
2.72842 3.55001 3
11.2433 11.8427 13
2.70979 3.47077 3
1.19875 1.84092 1
3.58542 4.34575 4
2.02086 2.6532 2
3.69221 4.34634 4
2.88431 3.36981 3
3.7073 4.23949 4
3.57401 4.22708 4
3.64834 4.29225 4
4.42877 5.08879 5
3.58345 4.22184 4
5.2322 5.89835 6
3.69971 4.31517 4
6.07905 6.80479 7
3.55011 4.21294 4
7.04821 7.66883 8
3.56039 4.31423 4
7.81353 8.55533 9
3.57676 4.25828 4
8.62387 9.31819 10
3.73594 4.23928 4
9.58347 10.0843 11
3.63875 4.21071 4
10.264 10.9422 12
3.70844 4.33539 4
11.1794 11.8427 13
3.71499 4.33743 4
1.05192 1.71298 1
4.58545 5.15112 5
2.01931 2.61139 2
4.44927 5.09076 5
2.86659 3.47979 3
4.58033 5.07822 5
3.67799 4.36443 4
4.44312 5.21037 5
4.39183 5.06334 5
4.50457 5.20336 5
5.40903 6.0258 6
4.56071 5.1375 5
6.1833 6.90681 7
4.49819 5.09792 5
6.92416 7.58299 8
4.47166 5.1672 5
7.84415 8.53592 9
4.57858 5.12613 5
8.68141 9.40951 10
4.41241 5.11904 5
9.52892 10.2472 11
4.57566 5.03967 5
10.3016 11.0157 12
4.53388 5.09417 5
11.2724 11.9213 13
4.49201 5.09717 5
1.10626 1.82145 1
5.31284 5.99606 6
2.04054 2.65805 2
5.32678 5.94746 6
2.79739 3.36949 3
5.3947 5.98265 6
3.7218 4.25257 4
5.33096 6.04425 6
4.52908 5.2322 5
5.24846 6.0307 6
5.31218 5.9643 6
5.27483 5.97296 6
6.23702 6.87513 7
5.25953 6.03794 6
6.95677 7.64313 8
5.35328 5.91535 6
7.87668 8.52959 9
5.24104 6.04382 6
8.70048 9.26445 10
5.30964 6.03282 6
9.58967 10.0934 11
5.33157 5.93654 6
10.367 11.0925 12
5.34587 5.9359 6
11.2952 11.7567 13
5.31774 5.88511 6
1.15931 1.8652 1
6.09642 6.71753 7
2.00307 2.64939 2
6.22065 6.73504 7
2.8018 3.42074 3
6.23351 6.71768 7
3.66837 4.33014 4
6.11361 6.73558 7
4.4745 5.21611 5
6.08462 6.80024 7
5.23814 5.96743 6
6.15212 6.77898 7
6.20509 6.8035 7
6.08772 6.76764 7
6.95588 7.67843 8
6.24167 6.77769 7
7.76947 8.51529 9
6.06522 6.89409 7
8.77466 9.27656 10
6.12409 6.7601 7
9.52076 10.1773 11
6.08407 6.74519 7
10.2986 11.0472 12
6.25024 6.85258 7
11.2431 11.7473 13
6.14091 6.72234 7
1.0459 1.74528 1
6.91633 7.62522 8
1.9275 2.5745 2
6.911 7.57108 8
2.85338 3.43402 3
7.03177 7.569 8
3.68841 4.30152 4
6.92846 7.62076 8
4.47333 5.21624 5
7.09909 7.6851 8
5.27346 6.05768 6
6.97872 7.73628 8
6.22789 6.72316 7
7.03172 7.61212 8
7.03022 7.61047 8
6.92887 7.60784 8
7.77226 8.41186 9
6.99041 7.67174 8
8.58185 9.32554 10
6.97646 7.55916 8
9.58605 10.0911 11
7.00584 7.60085 8
10.431 10.955 12
7.08471 7.64203 8
11.2897 11.7722 13
7.02627 7.60848 8
1.08565 1.84749 1
7.88134 8.49448 9
1.88283 2.5414 2
7.82897 8.39664 9
2.72559 3.39926 3
7.78891 8.53058 9
3.72313 4.27364 4
7.76298 8.51244 9
4.46229 5.19827 5
7.76724 8.44215 9
5.29887 6.03906 6
7.90403 8.41242 9
6.25557 6.72522 7
7.89369 8.43848 9
7.05794 7.66659 8
7.84737 8.46472 9
7.9393 8.46369 9
7.76206 8.40457 9
8.74615 9.31651 10
7.91914 8.46982 9
9.57527 10.2384 11
7.86774 8.54565 9
10.2736 11.0813 12
7.77403 8.46759 9
11.2322 11.8785 13
7.81788 8.55674 9
1.1027 1.80806 1
8.65663 9.30804 10
1.88622 2.70252 2
8.6052 9.35585 10
2.77788 3.3624 3
8.69423 9.35344 10
3.66297 4.24481 4
8.71338 9.3487 10
4.44721 5.18467 5
8.60178 9.29272 10
5.27189 6.0742 6
8.63442 9.40552 10
6.24196 6.80376 7
8.62468 9.29358 10
7.09818 7.5703 8
8.624 9.3757 10
7.76471 8.55959 9
8.70017 9.27324 10
8.60338 9.30856 10
8.67531 9.32108 10
9.50574 10.1539 11
8.60494 9.25552 10
10.4544 11.0735 12
8.67922 9.23544 10
11.2845 11.9262 13
8.72782 9.25282 10
1.17401 1.69393 1
9.44815 10.1278 11
2.01266 2.55098 2
9.50615 10.1119 11
2.73291 3.51881 3
9.57138 10.2369 11
3.59861 4.3767 4
9.49357 10.091 11
4.53406 5.18652 5
9.48247 10.1585 11
5.24433 6.05707 6
9.43998 10.1492 11
6.25457 6.75085 7
9.56459 10.1094 11
6.99983 7.73981 8
9.60931 10.1737 11
7.79641 8.41609 9
9.47435 10.1112 11
8.62623 9.26414 10
9.51589 10.1253 11
9.56524 10.1003 11
9.452 10.2596 11
10.3873 10.9866 12
9.44716 10.0706 11
11.1744 11.9238 13
9.45654 10.1189 11
1.16234 1.82858 1
10.45 10.9779 12
2.07055 2.71873 2
10.3646 11.0805 12
2.90099 3.36506 3
10.3484 11.044 12
3.70046 4.38078 4
10.4009 11.0522 12
4.46982 5.20594 5
10.3738 10.9338 12
5.27059 5.91279 6
10.3803 11.0603 12
6.15686 6.73483 7
10.4323 10.9575 12
6.96391 7.62607 8
10.3884 10.9892 12
7.88472 8.45652 9
10.3917 10.9661 12
8.66555 9.35037 10
10.2807 11.0396 12
9.552 10.1728 11
10.3535 10.9336 12
10.4167 11.0722 12
10.3669 11.0732 12
11.1998 11.8833 13
10.3511 11.0641 12
1.19033 1.79497 1
11.1606 11.9205 13
1.89958 2.70789 2
11.1107 11.8623 13
2.80801 3.43998 3
11.1593 11.8212 13
3.58299 4.2505 4
11.2445 11.936 13
4.44935 5.04052 5
11.2366 11.7752 13
5.26345 6.05552 6
11.2554 11.91 13
6.21898 6.89299 7
11.2728 11.8329 13
6.91566 7.62145 8
11.1801 11.8788 13
7.82207 8.51695 9
11.2039 11.9033 13
8.6638 9.42348 10
11.2499 11.7768 13
9.56835 10.2434 11
11.2563 11.8482 13
10.2979 10.9643 12
11.1389 11.8358 13
11.2009 11.9281 13
11.2074 11.9021 13
1.11185 1.8465 1
1.17186 1.70225 1
2.04712 2.68661 2
1.20578 1.75213 1
2.88314 3.48655 3
1.08013 1.80229 1
3.70999 4.27038 4
1.13997 1.86564 1
4.44449 5.12092 5
1.13696 1.78693 1
5.3532 5.93583 6
1.18608 1.69752 1
6.11332 6.76997 7
1.1634 1.74696 1
7.04264 7.67044 8
1.22619 1.86793 1
7.82996 8.41037 9
1.03638 1.83052 1
8.59714 9.42783 10
1.16896 1.74227 1
9.42401 10.176 11
1.08633 1.85014 1
10.3674 10.991 12
1.15983 1.8007 1
11.1058 11.8837 13
1.11993 1.81475 1
1.13673 1.8576 1
2.0548 2.57139 2
1.87935 2.58061 2
1.90639 2.62544 2
2.76265 3.36566 3
1.92583 2.69523 2
3.69713 4.33331 4
1.8953 2.70266 2
4.41169 5.11299 5
1.9782 2.70259 2
5.40667 5.90883 6
1.94658 2.52545 2
6.25106 6.73311 7
1.90587 2.52802 2
6.95506 7.6135 8
1.8982 2.70872 2
7.84935 8.48038 9
2.06532 2.54352 2
8.70214 9.3405 10
1.95267 2.59892 2
9.50548 10.2432 11
2.03569 2.67803 2
10.2619 11.0456 12
2.04959 2.55613 2
11.2025 11.8826 13
2.00398 2.66198 2
1.06546 1.84492 1
2.90209 3.39972 3
1.8835 2.59163 2
2.81387 3.43553 3
2.86582 3.55316 3
2.86458 3.38565 3
3.66807 4.29735 4
2.84609 3.48826 3
4.43448 5.1155 5
2.81275 3.49565 3
5.26217 5.9542 6
2.71079 3.51098 3
6.11596 6.79605 7
2.86129 3.4645 3
7.02478 7.59539 8
2.77785 3.3854 3
7.89094 8.57544 9
2.90034 3.52571 3
8.74362 9.39293 10
2.72582 3.49235 3
9.56765 10.1766 11
2.7181 3.4436 3
10.339 10.9459 12
2.87697 3.50636 3
11.1983 11.8156 13
2.7485 3.47029 3
1.08972 1.79048 1
3.59624 4.35387 4
2.01723 2.57412 2
3.68254 4.26645 4
2.79949 3.55123 3
3.72153 4.30295 4
3.72029 4.21314 4
3.71118 4.35353 4
4.55684 5.18491 5
3.6061 4.36503 4
5.33677 5.87944 6
3.58016 4.278 4
6.15174 6.7817 7
3.5989 4.23466 4
6.95885 7.56923 8
3.68289 4.31357 4
7.80137 8.57528 9
3.74344 4.34772 4
8.77967 9.40073 10
3.57177 4.28191 4
9.60396 10.1811 11
3.66295 4.22596 4
10.2598 10.9149 12
3.65588 4.25972 4
11.2177 11.7596 13
3.67051 4.3465 4
1.21534 1.79809 1
4.56232 5.04943 5
2.0616 2.60141 2
4.54294 5.17512 5
2.84737 3.44561 3
4.52903 5.18138 5
3.65691 4.35337 4
4.52613 5.13093 5
4.56387 5.21827 5
4.40976 5.22821 5
5.36206 5.93755 6
4.55242 5.06315 5
6.2591 6.85597 7
4.51677 5.05691 5
6.96427 7.62743 8
4.49593 5.0658 5
7.90173 8.5003 9
4.48233 5.19966 5
8.7803 9.33291 10
4.44642 5.21097 5
9.45129 10.1453 11
4.50627 5.11085 5
10.2853 10.9137 12
4.56949 5.16833 5
11.1996 11.8134 13
4.4287 5.14905 5
1.06359 1.71412 1
5.2304 5.98836 6
2.0338 2.5525 2
5.26635 5.92283 6
2.90029 3.53968 3
5.34935 6.01708 6
3.64091 4.27536 4
5.38038 5.96791 6
4.46609 5.12566 5
5.36903 5.92279 6
5.30466 5.89045 6
5.25633 5.93645 6
6.25889 6.76344 7
5.25978 6.06081 6
6.95988 7.59088 8
5.32189 5.92425 6
7.85459 8.53555 9
5.34356 5.95668 6
8.75573 9.35192 10
5.38332 5.91649 6
9.4859 10.1789 11
5.30405 6.07573 6
10.347 11.0567 12
5.24804 5.91977 6
11.2463 11.8733 13
5.42187 5.91759 6
1.1074 1.84406 1
6.21106 6.85782 7
2.01587 2.65089 2
6.07336 6.8744 7
2.8838 3.49673 3
6.17274 6.79874 7
3.72768 4.24819 4
6.26097 6.82058 7
4.54327 5.1232 5
6.16879 6.89426 7
5.22779 6.04937 6
6.15565 6.81455 7
6.17747 6.79624 7
6.13797 6.85692 7
6.99184 7.58767 8
6.07713 6.73845 7
7.81575 8.40043 9
6.10854 6.75583 7
8.75074 9.25547 10
6.09287 6.85639 7
9.46659 10.108 11
6.17091 6.89872 7
10.4446 11.0425 12
6.20313 6.85894 7
11.184 11.7795 13
6.07526 6.83892 7
1.09857 1.69601 1
6.98989 7.67143 8
2.05571 2.58657 2
7.09295 7.74617 8
2.83922 3.52177 3
7.09714 7.59361 8
3.73247 4.27541 4
6.90927 7.70873 8
4.50456 5.07819 5
6.92332 7.75142 8
5.3501 5.92331 6
6.92843 7.74773 8
6.1106 6.82736 7
6.9516 7.68672 8
6.9088 7.6523 8
7.01635 7.56936 8
7.82709 8.3952 9
7.09879 7.66553 8
8.76135 9.35173 10
7.06201 7.63558 8
9.48143 10.2597 11
7.05046 7.67251 8
10.4295 11.029 12
6.92512 7.72116 8
11.2875 11.7642 13
7.02112 7.73056 8
1.14209 1.78233 1
7.84747 8.43446 9
1.8966 2.55247 2
7.77807 8.58403 9
2.71452 3.41401 3
7.89578 8.46956 9
3.5888 4.24483 4
7.89673 8.51337 9
4.42062 5.13726 5
7.81659 8.57059 9
5.25795 6.00718 6
7.82803 8.46201 9
6.12208 6.83967 7
7.92908 8.4339 9
7.05323 7.67708 8
7.80378 8.50098 9
7.90658 8.55589 9
7.83643 8.52885 9
8.72992 9.29888 10
7.76048 8.41217 9
9.45422 10.1683 11
7.92351 8.40477 9
10.3283 11.087 12
7.84949 8.5579 9
11.2289 11.8328 13
7.87949 8.52303 9
1.17421 1.81082 1
8.61092 9.31406 10
1.99146 2.6266 2
8.68423 9.25281 10
2.82113 3.42122 3
8.77894 9.23494 10
3.65417 4.23642 4
8.6261 9.3982 10
4.58446 5.16914 5
8.69915 9.3299 10
5.32756 5.94041 6
8.7319 9.23762 10
6.13346 6.88197 7
8.58397 9.27814 10
7.02484 7.74657 8
8.63463 9.30087 10
7.79189 8.44851 9
8.58645 9.36188 10
8.67508 9.34036 10
8.65994 9.265 10
9.56697 10.1323 11
8.66045 9.28597 10
10.2646 11.0605 12
8.69869 9.33625 10
11.2032 11.81 13
8.64581 9.32233 10
1.10012 1.69651 1
9.54341 10.1958 11
1.95819 2.63117 2
9.61716 10.2183 11
2.81314 3.52739 3
9.45605 10.0771 11
3.71923 4.31971 4
9.46431 10.2361 11
4.55696 5.05306 5
9.54791 10.155 11
5.31306 5.9677 6
9.4846 10.105 11
6.26093 6.88304 7
9.59748 10.0728 11
7.0726 7.58656 8
9.61328 10.1107 11
7.79372 8.434 9
9.48677 10.1884 11
8.71261 9.26716 10
9.47233 10.1036 11
9.45469 10.2555 11
9.42402 10.1062 11
10.3336 10.968 12
9.6056 10.1936 11
11.2903 11.881 13
9.5913 10.1336 11
1.14763 1.7255 1
10.3778 11.008 12
1.9322 2.69991 2
10.4559 11.1028 12
2.74487 3.50481 3
10.3045 11.0813 12
3.57678 4.27188 4
10.3131 10.9218 12
4.55337 5.14406 5
10.3951 10.9571 12
5.35694 5.93281 6
10.4412 11.0396 12
6.15582 6.85543 7
10.3325 11.0277 12
6.97157 7.55872 8
10.2943 11.048 12
7.91517 8.5352 9
10.2725 11.0923 12
8.62369 9.3382 10
10.3135 11.0024 12
9.52858 10.102 11
10.4287 11.0017 12
10.2868 10.9733 12
10.3249 11.0287 12
11.2063 11.7602 13
10.2825 11.0277 12
1.09328 1.70195 1
11.2004 11.8943 13
1.9725 2.68479 2
11.2574 11.7963 13
2.86329 3.36182 3
11.1513 11.9102 13
3.70674 4.3478 4
11.224 11.7525 13
4.42722 5.14659 5
11.2325 11.9451 13
5.37887 5.93698 6
11.2174 11.937 13
6.20481 6.7197 7
11.2857 11.778 13
6.94067 7.73217 8
11.1927 11.9009 13
7.89336 8.53692 9
11.1007 11.7683 13
8.72657 9.29025 10
11.1988 11.9392 13
9.48414 10.1971 11
11.1629 11.8136 13
10.3825 11.0585 12
11.1384 11.8098 13
11.1038 11.9179 13
11.2263 11.8311 13
