1.11951 1.76214 1
1.17948 1.80454 1
1.89849 2.55666 2
1.12632 1.68878 1
2.80741 3.52408 3
1.19754 1.87693 1
3.55478 4.38194 4
1.21129 1.70211 1
4.47843 5.20516 5
1.17771 1.72932 1
5.39707 5.89625 6
1.21318 1.83764 1
6.08888 6.7747 7
1.09722 1.77457 1
6.95321 7.61676 8
1.07813 1.76401 1
7.91181 8.57684 9
1.03381 1.84898 1
8.7057 9.32181 10
1.1938 1.75026 1
9.44403 10.2094 11
1.12901 1.72246 1
10.3612 11.0423 12
1.21517 1.78847 1
11.2381 11.828 13
1.07644 1.83373 1
1.14166 1.77482 1
2.05401 2.58021 2
1.95627 2.57146 2
1.97377 2.68912 2
2.71719 3.53611 3
1.99984 2.55426 2
3.66518 4.32867 4
1.90619 2.69293 2
4.43076 5.20995 5
1.95297 2.69659 2
5.42375 5.89832 6
2.04192 2.58984 2
6.0809 6.85156 7
1.99542 2.61815 2
7.02804 7.60556 8
2.0657 2.5452 2
7.91293 8.50073 9
1.88042 2.64127 2
8.76504 9.4277 10
1.93073 2.64393 2
9.43852 10.1233 11
2.00822 2.67223 2
10.3947 11.0481 12
1.89697 2.57565 2
11.1802 11.7774 13
1.92685 2.69904 2
1.15375 1.83204 1
2.73316 3.38357 3
2.03761 2.70192 2
2.79657 3.55269 3
2.80068 3.54312 3
2.85019 3.4448 3
3.69509 4.34551 4
2.78589 3.50005 3
4.5533 5.05323 5
2.74674 3.46275 3
5.32172 5.98884 6
2.77957 3.44873 3
6.1838 6.90914 7
2.79262 3.49744 3
7.02879 7.6238 8
2.82454 3.38996 3
7.92247 8.40823 9
2.73085 3.41441 3
8.7361 9.34174 10
2.89442 3.45985 3
9.58977 10.2024 11
2.86587 3.51985 3
10.2665 11.0498 12
2.74033 3.38719 3
11.2534 11.927 13
2.77685 3.42074 3
1.06228 1.70933 1
3.7053 4.20467 4
1.90687 2.55145 2
3.59472 4.34874 4
2.74238 3.51473 3
3.67027 4.39181 4
3.58991 4.27107 4
3.61053 4.31549 4
4.55281 5.066 5
3.71216 4.22982 4
5.40065 5.99168 6
3.59605 4.28005 4
6.17395 6.79775 7
3.69971 4.39441 4
7.06582 7.67135 8
3.66221 4.35418 4
7.93689 8.5175 9
3.60807 4.3672 4
8.71952 9.37113 10
3.63607 4.22625 4
9.46796 10.072 11
3.71954 4.23334 4
10.3102 11.0339 12
3.7241 4.37135 4
11.2583 11.8388 13
3.54934 4.30415 4
1.22954 1.78508 1
4.53919 5.1252 5
2.05501 2.53919 2
4.53513 5.20357 5
2.78226 3.37449 3
4.45908 5.18943 5
3.69383 4.3927 4
4.45794 5.18586 5
4.54895 5.21079 5
4.49689 5.14903 5
5.42415 6.06408 6
4.57518 5.06562 5
6.1059 6.85338 7
4.50959 5.22762 5
6.99143 7.66763 8
4.49165 5.18553 5
7.75394 8.41306 9
4.52498 5.06138 5
8.72861 9.28036 10
4.54896 5.20276 5
9.47547 10.0809 11
4.55495 5.05913 5
10.2756 10.9834 12
4.50136 5.06161 5
11.2165 11.8822 13
4.53378 5.18757 5
1.12045 1.82523 1
5.35519 6.02989 6
1.9904 2.55216 2
5.42014 6.02006 6
2.7821 3.52586 3
5.33988 5.96672 6
3.62292 4.3526 4
5.23051 6.01702 6
4.48522 5.17405 5
5.39093 6.00245 6
5.38984 5.88167 6
5.38474 6.01828 6
6.19286 6.78149 7
5.37088 6.05648 6
7.01183 7.74052 8
5.38946 5.97343 6
7.84764 8.54604 9
5.4088 5.97362 6
8.65837 9.30907 10
5.24013 5.89067 6
9.44136 10.2431 11
5.32608 6.04677 6
10.3797 11.0499 12
5.30926 5.97199 6
11.2095 11.8422 13
5.38718 5.96453 6
1.16066 1.73375 1
6.19843 6.81201 7
2.04743 2.64469 2
6.21416 6.82263 7
2.8156 3.40675 3
6.12174 6.8283 7
3.56808 4.36369 4
6.23261 6.76666 7
4.5761 5.14955 5
6.20132 6.90383 7
5.25189 5.99569 6
6.22965 6.84708 7
6.23585 6.89431 7
6.10081 6.86723 7
6.95434 7.75002 8
6.24995 6.91199 7
7.9045 8.55039 9
6.17731 6.7917 7
8.62223 9.28703 10
6.21013 6.71846 7
9.58967 10.2582 11
6.1197 6.88014 7
10.4383 11.0845 12
6.19964 6.83027 7
11.104 11.8682 13
6.11189 6.77534 7
1.18728 1.72564 1
6.94515 7.5792 8
1.99385 2.5414 2
6.95985 7.7338 8
2.86371 3.52879 3
7.00658 7.65791 8
3.70948 4.2914 4
6.95 7.63109 8
4.57182 5.1691 5
7.08508 7.72478 8
5.26746 5.91877 6
7.01978 7.57925 8
6.18303 6.758 7
7.069 7.6468 8
7.07075 7.60293 8
7.06611 7.58207 8
7.80234 8.43138 9
6.99837 7.56091 8
8.73746 9.40279 10
6.97234 7.60902 8
9.46274 10.2659 11
6.9157 7.72163 8
10.3579 11.0857 12
6.92156 7.65538 8
11.1449 11.8206 13
7.04171 7.57377 8
1.17337 1.87822 1
7.87358 8.46607 9
2.01817 2.59992 2
7.91492 8.48873 9
2.89611 3.55761 3
7.77336 8.49104 9
3.7235 4.25788 4
7.86248 8.53237 9
4.52198 5.13674 5
7.8716 8.4526 9
5.34816 5.99548 6
7.78327 8.4449 9
6.10036 6.80572 7
7.78313 8.55081 9
6.9584 7.61476 8
7.86883 8.45873 9
7.91299 8.58262 9
7.8639 8.48731 9
8.7407 9.28202 10
7.84289 8.53477 9
9.48098 10.0924 11
7.87428 8.47549 9
10.3713 11.0193 12
7.88706 8.58515 9
11.0969 11.7706 13
7.76739 8.47562 9
1.20761 1.7174 1
8.7304 9.35956 10
1.97843 2.58958 2
8.64097 9.29376 10
2.72039 3.49045 3
8.67035 9.36306 10
3.66352 4.32458 4
8.62094 9.31202 10
4.41921 5.2227 5
8.70576 9.38603 10
5.29788 6.01386 6
8.65689 9.23105 10
6.13471 6.773 7
8.60778 9.27192 10
7.07999 7.67522 8
8.6555 9.25029 10
7.90998 8.48787 9
8.70946 9.30369 10
8.71492 9.33179 10
8.73259 9.26685 10
9.52006 10.243 11
8.58144 9.37643 10
10.2963 10.9659 12
8.75134 9.26069 10
11.1165 11.9095 13
8.63279 9.39501 10
1.21021 1.79472 1
9.42431 10.1435 11
1.89351 2.54246 2
9.47543 10.1355 11
2.88004 3.48717 3
9.54691 10.2389 11
3.59576 4.30968 4
9.42017 10.1378 11
4.4042 5.17342 5
9.54288 10.1751 11
5.31818 6.0142 6
9.48464 10.2109 11
6.15104 6.91164 7
9.54777 10.2149 11
7.06354 7.67343 8
9.53935 10.1753 11
7.76269 8.46379 9
9.61094 10.2048 11
8.7088 9.40731 10
9.57206 10.2248 11
9.58704 10.1994 11
9.5838 10.1101 11
10.3996 11.0548 12
9.43867 10.0737 11
11.2348 11.8247 13
9.53314 10.1749 11
1.16646 1.71188 1
10.3776 10.9686 12
1.95834 2.63291 2
10.3181 10.9463 12
2.78248 3.41119 3
10.4559 10.9307 12
3.67154 4.29651 4
10.2985 10.9294 12
4.51324 5.19374 5
10.3271 11.0114 12
5.26253 6.05145 6
10.3558 11.0547 12
6.22439 6.83839 7
10.3272 10.9845 12
7.06362 7.73912 8
10.4508 10.9838 12
7.89787 8.50002 9
10.2893 11.0579 12
8.73008 9.35698 10
10.3013 11.0329 12
9.57656 10.0759 11
10.4442 10.9711 12
10.3472 10.9375 12
10.3453 11.083 12
11.2337 11.7971 13
10.4464 10.918 12
1.15902 1.74869 1
11.2675 11.7539 13
2.0641 2.54177 2
11.1631 11.9332 13
2.73844 3.43624 3
11.2583 11.8094 13
3.61695 4.28923 4
11.196 11.9096 13
4.44968 5.15773 5
11.184 11.7749 13
5.42061 5.96724 6
11.1134 11.8289 13
6.06837 6.77459 7
11.2954 11.7925 13
6.96518 7.55619 8
11.2218 11.8286 13
7.81026 8.55281 9
11.2549 11.8949 13
8.69385 9.30236 10
11.2551 11.8891 13
9.58833 10.1918 11
11.2494 11.8656 13
10.4224 11.0592 12
11.1504 11.906 13
11.1948 11.8782 13
11.2289 11.9242 13
1.18042 1.75075 1
1.0844 1.72326 1
1.90478 2.66176 2
1.20517 1.77178 1
2.89393 3.37558 3
1.15716 1.71394 1
3.72155 4.37206 4
1.19816 1.78425 1
4.56039 5.20418 5
1.15571 1.74083 1
5.31391 5.92801 6
1.06207 1.78544 1
6.1812 6.83313 7
1.08803 1.78709 1
6.91125 7.70469 8
1.08178 1.69029 1
7.90301 8.54828 9
1.11919 1.68944 1
8.60734 9.40906 10
1.17156 1.85045 1
9.58723 10.2162 11
1.09725 1.76079 1
10.2924 11.0838 12
1.06341 1.68948 1
11.1046 11.8004 13
1.20397 1.83789 1
1.20675 1.8332 1
2.05902 2.60171 2
2.05136 2.59994 2
1.96932 2.59273 2
2.73601 3.48957 3
1.91318 2.68256 2
3.70697 4.22823 4
2.0174 2.6753 2
4.49857 5.07319 5
2.0294 2.67093 2
5.28398 5.98543 6
1.92451 2.66859 2
6.19054 6.90889 7
1.99327 2.52956 2
6.93562 7.68758 8
2.01509 2.68131 2
7.83963 8.45184 9
2.0245 2.64383 2
8.77209 9.40492 10
1.8762 2.55935 2
9.48718 10.2414 11
1.91519 2.60699 2
10.3051 10.9282 12
1.95829 2.68334 2
11.1951 11.88 13
1.89311 2.63028 2
1.11403 1.75675 1
2.73971 3.43011 3
1.87478 2.53388 2
2.84868 3.41679 3
2.75369 3.42815 3
2.82267 3.46543 3
3.55696 4.37496 4
2.89342 3.4668 3
4.55416 5.03992 5
2.74121 3.44899 3
5.35443 6.01521 6
2.83052 3.39515 3
6.17838 6.82896 7
2.90722 3.37716 3
6.98196 7.59861 8
2.76322 3.48663 3
7.78847 8.45978 9
2.87491 3.54439 3
8.68511 9.40175 10
2.82184 3.46977 3
9.44019 10.2408 11
2.89155 3.49085 3
10.3973 10.9628 12
2.77708 3.47705 3
11.2025 11.7659 13
2.77331 3.37512 3
1.11838 1.73214 1
3.61698 4.26874 4
1.89895 2.67747 2
3.74469 4.21049 4
2.73507 3.46419 3
3.65535 4.28822 4
3.68995 4.37072 4
3.60953 4.33285 4
4.53308 5.20197 5
3.55234 4.32942 4
5.34807 5.89085 6
3.63399 4.28055 4
6.06739 6.71889 7
3.67287 4.24208 4
7.09043 7.68727 8
3.56753 4.31226 4
7.84092 8.46944 9
3.56365 4.25569 4
8.62004 9.27676 10
3.5824 4.3433 4
9.6116 10.2681 11
3.71639 4.28957 4
10.3953 11.035 12
3.69938 4.2683 4
11.2244 11.7932 13
3.65615 4.2881 4
1.12124 1.70947 1
4.57733 5.14762 5
2.06518 2.61275 2
4.3933 5.21952 5
2.88213 3.47423 3
4.43407 5.22507 5
3.55546 4.351 4
4.40698 5.10632 5
4.5665 5.17649 5
4.47948 5.15793 5
5.34033 6.04824 6
4.54061 5.06755 5
6.24964 6.84119 7
4.48641 5.08467 5
7.03319 7.57746 8
4.43536 5.19925 5
7.78486 8.48412 9
4.48017 5.1114 5
8.76967 9.37008 10
4.48213 5.07326 5
9.42308 10.2533 11
4.51432 5.18447 5
10.3896 11.0698 12
4.45984 5.22236 5
11.1573 11.7955 13
4.57144 5.18815 5
1.04091 1.7085 1
5.33739 5.88917 6
1.88909 2.54408 2
5.22764 5.90599 6
2.82437 3.42264 3
5.40717 6.00646 6
3.63563 4.34884 4
5.24851 6.01363 6
4.5315 5.16321 5
5.3305 5.98955 6
5.2303 5.89763 6
5.29708 5.88375 6
6.13933 6.86232 7
5.32117 5.96664 6
6.97989 7.59582 8
5.3799 6.02882 6
7.91429 8.50898 9
5.24738 6.02768 6
8.73099 9.35449 10
5.41138 5.96254 6
9.54423 10.1529 11
5.42001 6.05952 6
10.3644 11.1068 12
5.26472 6.04744 6
11.1954 11.9336 13
5.30596 6.00604 6
1.11176 1.84617 1
6.18628 6.8063 7
1.99145 2.63076 2
6.20506 6.79209 7
2.71244 3.40566 3
6.14157 6.86489 7
3.73297 4.35636 4
6.25858 6.87871 7
4.46423 5.2299 5
6.0733 6.90698 7
5.31058 6.03906 6
6.16973 6.83062 7
6.23052 6.80451 7
6.09732 6.86706 7
7.07464 7.56604 8
6.26215 6.72152 7
7.85667 8.39422 9
6.21707 6.74179 7
8.61412 9.23368 10
6.25682 6.75791 7
9.6145 10.1093 11
6.12444 6.78761 7
10.3636 10.9265 12
6.13541 6.88931 7
11.1719 11.7969 13
6.12547 6.74339 7
1.23214 1.81773 1
6.96728 7.6821 8
1.98401 2.65446 2
7.02988 7.71684 8
2.87313 3.41129 3
7.06783 7.62484 8
3.72581 4.38362 4
6.97202 7.70227 8
4.447 5.17623 5
7.06916 7.64566 8
5.41718 5.93764 6
6.94388 7.71056 8
6.1412 6.83853 7
6.92841 7.66761 8
6.90537 7.72555 8
7.06607 7.73694 8
7.89893 8.58183 9
7.05483 7.58252 8
8.7563 9.32533 10
6.97727 7.74737 8
9.57623 10.1763 11
6.92301 7.61114 8
10.3741 10.9253 12
6.91006 7.65118 8
11.224 11.9327 13
7.01118 7.68832 8
1.1425 1.68752 1
7.93035 8.53747 9
1.99169 2.5776 2
7.9032 8.51186 9
2.80701 3.45163 3
7.90838 8.54291 9
3.67251 4.27088 4
7.92199 8.42281 9
4.55038 5.2324 5
7.80173 8.53162 9
5.34081 6.0147 6
7.8751 8.49793 9
6.22491 6.77374 7
7.87626 8.41305 9
6.9472 7.7206 8
7.93811 8.47997 9
7.79374 8.41201 9
7.8456 8.47831 9
8.72224 9.38507 10
7.85666 8.52656 9
9.6004 10.2673 11
7.89696 8.52282 9
10.4086 10.9935 12
7.83473 8.54534 9
11.1634 11.8601 13
7.84189 8.39399 9
1.11469 1.74591 1
8.58658 9.39283 10
1.99236 2.64909 2
8.63077 9.40256 10
2.80981 3.4236 3
8.72024 9.3048 10
3.64573 4.31077 4
8.59872 9.36544 10
4.51162 5.14887 5
8.63307 9.3386 10
5.28069 6.01137 6
8.62373 9.26061 10
6.23123 6.80175 7
8.74513 9.25354 10
6.96074 7.73623 8
8.6225 9.31995 10
7.92691 8.54568 9
8.65123 9.40973 10
8.77194 9.32789 10
8.76501 9.34059 10
9.48616 10.0815 11
8.75918 9.25325 10
10.3675 11.0526 12
8.77524 9.3826 10
11.2327 11.9261 13
8.6531 9.42628 10
1.13398 1.68837 1
9.59572 10.1303 11
2.05545 2.61348 2
9.42039 10.141 11
2.79889 3.55446 3
9.58341 10.0851 11
3.57811 4.23633 4
9.51018 10.1849 11
4.53069 5.13324 5
9.61779 10.1705 11
5.42221 5.98054 6
9.50385 10.1381 11
6.19635 6.74964 7
9.54677 10.1747 11
7.02683 7.71713 8
9.42351 10.229 11
7.8276 8.55925 9
9.55123 10.2122 11
8.67747 9.3029 10
9.55897 10.2075 11
9.51546 10.2648 11
9.59571 10.1713 11
10.3631 11.0093 12
9.58099 10.2059 11
11.2298 11.8574 13
9.6043 10.1869 11
1.05482 1.87314 1
10.4183 11.0624 12
2.0606 2.67998 2
10.4 10.9766 12
2.82609 3.38839 3
10.2662 11.0762 12
3.70046 4.23144 4
10.3759 11.0089 12
4.46512 5.19075 5
10.3067 10.9753 12
5.41968 5.96365 6
10.2779 11.0827 12
6.24491 6.79942 7
10.3673 10.9217 12
6.99879 7.7359 8
10.3258 10.9456 12
7.90211 8.46782 9
10.298 10.9352 12
8.66976 9.37796 10
10.453 10.9296 12
9.44395 10.1625 11
10.4343 11.1036 12
10.2856 10.9816 12
10.4319 10.9745 12
11.2804 11.7669 13
10.3858 11.0179 12
1.11171 1.7136 1
11.1636 11.9138 13
1.9777 2.60742 2
11.1879 11.871 13
2.85813 3.37032 3
11.0988 11.7925 13
3.65376 4.31969 4
11.1855 11.7882 13
4.40493 5.12447 5
11.1711 11.7973 13
5.26541 5.90855 6
11.2283 11.7695 13
6.0845 6.72963 7
11.2673 11.8242 13
7.0535 7.66468 8
11.2046 11.8701 13
7.77294 8.43331 9
11.2176 11.865 13
8.59673 9.39028 10
11.2927 11.799 13
9.60955 10.2184 11
11.271 11.7798 13
10.2936 10.953 12
11.0999 11.9043 13
11.2413 11.8696 13
11.296 11.8947 13
